Event	Date/Time	Latitude	Longitude	Depth water [m]	Sample label	[NH4]+ OR [nmol/l/day]	Std dev [±] (Ammonium oxidation)	[NO2]- OR [nmol/l/day]	Std dev [±] (Nitrite oxidation)	[NO3]- RR [nmol/l/day]	Std dev [±] (Nitrate reduction)	Anammox rate [nmol/l/day]	Std dev [±] (Anammox)	DNRA [nmol/l/day]	Std dev [±] (DNRA)	Denitrifi [nmol/l/day] (coupled to H2S oxidation)	Std dev [±] (Denitrification H2S)	Denitrifi [nmol/l/day]	Std dev [±] (Denitrification)
M77/3-CTD5	2008-12-29T01:22	-6.0002	-81.3612	62	805	88.84	8.98	38.21	10.42	17.59	1.45	0.00	0.00	0.33	0.03	0.00	0.00	0.00	0.00
M77/3-CTD5	2008-12-29T01:22	-6.0002	-81.3612	69	805	42.10	1.72	121.56	8.09	42.77	10.59	1.75	0.23	1.31	0.14	0.00	0.00	0.00	0.00
M77/3-CTD5	2008-12-29T01:22	-6.0002	-81.3612	197	805	4.04	0.38	17.07	5.18	0.00	0.00	5.00	0.97	0.00	0.00	0.00	0.00	0.00	0.00
M77/3-CTD5	2008-12-29T01:22	-6.0002	-81.3612	345	805	1.31	0.14	0.00	0.00	32.25	2.99	8.41	0.92	0.00	0.00	0.00	0.00	0.00	0.00
M77/3_807-3	2008-12-30T09:24	-10.0002	-78.3803	15	807	48.75	6.23	927.95	271.01	1010.22	429.07	112.32	19.94	1.10	0.19	0.00	0.00	4.94	3.39
M77/3_807-3	2008-12-30T09:24	-10.0002	-78.3803	20	807	24.60	1.72	723.27	179.25	0.00	0.00	17.15	1.37	0.00	0.00	0.00	0.00	5.42	1.39
M77/3_807-3	2008-12-30T09:24	-10.0002	-78.3803	40	807	5.23	0.34	0.00	0.00	895.06	304.11	17.30	1.54	0.76	0.18	0.00	0.00	0.00	0.00
M77/3_807-3	2008-12-30T09:24	-10.0002	-78.3803	60	807	3.40	0.61	0.00	0.00	0.00	0.00	106.07	15.09	0.00	0.00	0.00	0.00	0.00	0.00
M77/3_807-3	2008-12-30T09:24	-10.0002	-78.3803	80	807	3.43	0.39	0.00	0.00	0.00	0.00	182.11	17.65	0.00	0.00	0.00	0.00	0.00	0.00
M77/3_807-3	2008-12-30T09:24	-10.0002	-78.3803	113	807	1.35	0.12	0.00	0.00	828.70	93.31	226.62	27.16	0.00	0.00	0.00	0.00	0.00	0.00
M77/3_811-2	2008-12-31T13:30	-10.0002	-78.9667	45	811	22.82	0.63	39.85	7.48	0.00	0.00	4.41	0.51	0.48	0.10	0.00	0.00	0.00	0.00
M77/3_811-2	2008-12-31T13:30	-10.0002	-78.9667	54	811	12.76	1.42	69.61	7.77	0.00	0.00	9.64	1.62	0.00	0.00	0.00	0.00	0.00	0.00
M77/3_811-2	2008-12-31T13:30	-10.0002	-78.9667	80	811	3.61	0.53	65.38	5.05	93.28	6.61	6.96	1.93	0.00	0.00	0.00	0.00	0.00	0.00
M77/3_811-2	2008-12-31T13:30	-10.0002	-78.9667	100	811	1.77	0.47	0.00	0.00	0.00	0.00	4.81	1.80	0.00	0.00	0.00	0.00	0.00	0.00
M77/3_811-2	2008-12-31T13:30	-10.0002	-78.9667	120	811	1.59	0.18	24.58	0.70	0.00	0.00	4.81	0.90	0.00	0.00	0.00	0.00	0.00	0.00
M77/3_811-2	2008-12-31T13:30	-10.0002	-78.9667	140	811	1.85	0.25	140.24	9.91	256.83	61.36	63.96	8.24	0.00	0.00	0.00	0.00	0.00	0.00
M77/3_003-5	2009-01-02T18:50	-10.0017	-81.5020	52	3	60.26	4.19	35.08	5.48	39.65	7.29	1.61	0.47	0.00	0.00	0.00	0.00	0.00	0.00
M77/3_003-5	2009-01-02T18:50	-10.0017	-81.5020	70	3	12.38	1.23	0.00	0.00	11.27	2.03	0.00	0.00	0.00	0.00	0.00	0.00	0.00	0.00
M77/3_003-5	2009-01-02T18:50	-10.0017	-81.5020	95	3	3.67	0.24	0.00	0.00	0.00	0.00	15.95	1.63	0.00	0.00	0.00	0.00	0.00	0.00
M77/3_003-5	2009-01-02T18:50	-10.0017	-81.5020	150	3	1.94	0.21	22.61	2.46	0.00	0.00	2.33	0.71	0.00	0.00	0.00	0.00	0.00	0.00
M77/3_003-5	2009-01-02T18:50	-10.0017	-81.5020	300	3	0.00	0.00	0.00	0.00	18.78	7.22	0.71	0.22	0.00	0.00	0.00	0.00	0.00	0.00
M77/3_003-5	2009-01-02T18:50	-10.0017	-81.5020	365	3	0.00	0.00	0.00	0.00	0.00	0.00	1.99	0.61	0.00	0.00	0.00	0.00	0.00	0.00
M77/3_005-6	2009-01-04T17:22	-10.0005	-84.0002	75	5	5.79	0.93	32.22	2.62	0.00	0.00	3.98	0.24	0.00	0.00	0.00	0.00	0.00	0.00
M77/3_005-6	2009-01-04T17:22	-10.0005	-84.0002	110	5	1.27	0.12	30.20	3.16	0.00	0.00	0.00	0.00	0.00	0.00	0.00	0.00	0.00	0.00
M77/3_005-6	2009-01-04T17:22	-10.0005	-84.0002	150	5	0.00	0.00	27.98	4.97	19.89	2.31	0.96	0.14	0.00	0.00	0.00	0.00	0.00	0.00
M77/3_005-6	2009-01-04T17:22	-10.0005	-84.0002	200	5	0.00	0.00	38.15	3.55	8.52	0.47	1.10	0.20	0.00	0.00	0.00	0.00	0.00	0.00
M77/3_005-6	2009-01-04T17:22	-10.0005	-84.0002	275	5	0.00	0.00	12.65	1.20	8.06	0.73	1.01	0.14	0.00	0.00	0.00	0.00	0.00	0.00
M77/3_005-6	2009-01-04T17:22	-10.0005	-84.0002	362	5	0.00	0.00	7.49	2.36	4.53	1.24	2.51	0.05	0.00	0.00	0.00	0.00	0.00	0.00
M77/3_008-6	2009-01-06T15:10	-12.0333	-80.9467	90	8	14.46	0.65	12.60	2.08	0.00	0.00	1.34	0.31	0.00	0.00	0.00	0.00	0.00	0.00
M77/3_008-6	2009-01-06T15:10	-12.0333	-80.9467	125	8	0.00	0.00	16.14	1.88	15.93	2.67	2.38	0.76	0.00	0.00	0.00	0.00	0.00	0.00
M77/3_008-6	2009-01-06T15:10	-12.0333	-80.9467	150	8	0.00	0.00	42.75	4.35	38.21	2.58	0.00	0.00	0.00	0.00	0.00	0.00	0.00	0.00
M77/3_008-6	2009-01-06T15:10	-12.0333	-80.9467	200	8	0.00	0.00	0.00	0.00	20.76	3.59	2.46	0.12	0.00	0.00	0.00	0.00	0.00	0.00
M77/3_008-6	2009-01-06T15:10	-12.0333	-80.9467	300	8	0.00	0.00	0.00	0.00	21.43	2.59	0.00	0.00	0.00	0.00	0.00	0.00	0.00	0.00
M77/3_008-6	2009-01-06T15:10	-12.0333	-80.9467	358	8	0.00	0.00	0.00	0.00	4.63	0.55	5.23	1.32	0.00	0.00	0.00	0.00	0.00	0.00
M77/3_013-2	2009-01-08T10:25	-12.0338	-77.7890	38	13	14.09	1.11	28.99	1.13	0.00	0.00	3.62	0.55	0.00	0.00	0.00	0.00	0.00	0.00
M77/3_013-2	2009-01-08T10:25	-12.0338	-77.7890	75	13	2.45	0.24	14.28	4.41	3.79	1.01	2.84	1.28	0.00	0.00	0.00	0.00	0.00	0.00
M77/3_013-2	2009-01-08T10:25	-12.0338	-77.7890	100	13	1.71	0.32	24.87	8.22	4.56	0.82	8.43	1.81	0.00	0.00	0.00	0.00	0.00	0.00
M77/3_013-2	2009-01-08T10:25	-12.0338	-77.7890	150	13	1.03	0.10	8.48	1.69	57.76	4.83	46.29	5.77	0.00	0.00	0.00	0.00	0.00	0.00
M77/3_013-2	2009-01-08T10:25	-12.0338	-77.7890	250	13	0.00	0.00	12.73	1.19	48.81	4.13	11.06	1.73	0.00	0.00	0.00	0.00	0.00	0.00
M77/3_013-2	2009-01-08T10:25	-12.0338	-77.7890	353	13	0.00	0.00	17.81	9.59	157.84	9.96	3.16	0.08	0.00	0.00	0.00	0.00	0.00	0.00
M77/3_019-3	2009-01-09T21:05	-12.3635	-77.0002	15	19	89.33	6.94	46.35	9.78	248.53	7.07	44.79	5.49	16.34	1.40	179.57	32.30	0.00	0.00
M77/3_019-3	2009-01-09T21:05	-12.3635	-77.0002	30	19	9.35	0.67	129.18	21.60	150.51	18.22	249.51	16.33	3.86	0.65	126.16	23.31	0.00	0.00
M77/3_019-3	2009-01-09T21:05	-12.3635	-77.0002	40	19					2542.43	265.55							0.00	0.00
M77/3_019-3	2009-01-09T21:05	-12.3635	-77.0002	80	19	0.00	0.00	0.00	0.00	164.60	25.34	151.88	6.97	41.03	3.05	927.76	153.93	0.00	0.00
M77/3_019-3	2009-01-09T21:05	-12.3635	-77.0002	99	19	0.00	0.00	0.00	0.00	8533.22	494.91	118.18	2.60	396.17	17.30	2068.45	211.36	0.00	0.00
M77/3_028-4	2009-01-12T07:30	-16.0000	-76.9973	75	28	30.60	2.75	21.72	4.84			2.07	0.59	0.00	0.00	0.00	0.00	0.00	0.00
M77/3_028-4	2009-01-12T07:30	-16.0000	-76.9973	115	28	0.00	0.00	0.00	0.00			3.01	1.01	0.00	0.00	0.00	0.00	0.00	0.00
M77/3_028-4	2009-01-12T07:30	-16.0000	-76.9973	150	28	0.00	0.00	6.90	2.10			3.73	1.91	0.00	0.00	0.00	0.00	0.00	0.00
M77/3_028-4	2009-01-12T07:30	-16.0000	-76.9973	225	28	0.00	0.00	4.58	1.19			3.90	1.42	0.00	0.00	0.00	0.00	0.00	0.00
M77/3_028-4	2009-01-12T07:30	-16.0000	-76.9973	300	28	0.00	0.00	7.44	0.26			1.57	0.51	0.00	0.00	0.00	0.00	0.00	0.00
M77/3_028-4	2009-01-12T07:30	-16.0000	-76.9973	357	28	0.00	0.00	5.82	1.03			3.79	0.38	0.00	0.00	0.00	0.00	0.00	0.00
M77/3_036-2	2009-01-14T20:10	-16.0002	-75.0000	90	36	35.25	3.11	185.60	7.64	42.02	1.55	2.31	0.36	0.83	0.07	0.00	0.00	0.00	0.00
M77/3_036-2	2009-01-14T20:10	-16.0002	-75.0000	120	36	1.20	0.05	64.60	1.82	22.32	2.46	18.81	8.21	0.00	0.00	0.00	0.00	0.00	0.00
M77/3_036-2	2009-01-14T20:10	-16.0002	-75.0000	150	36	0.51	0.06	0.00	0.00	7.15	0.96	0.00	0.00	0.00	0.00	0.00	0.00	0.00	0.00
M77/3_036-2	2009-01-14T20:10	-16.0002	-75.0000	180	36	0.00	0.00	58.27	6.28	38.73	2.86	18.50	3.49	0.00	0.00	0.00	0.00	0.00	0.00
M77/3_036-2	2009-01-14T20:10	-16.0002	-75.0000	250	36	0.00	0.00	0.00	0.00	47.65	12.89	10.37	2.87	0.00	0.00	0.00	0.00	0.00	0.00
M77/3_036-2	2009-01-14T20:10	-16.0002	-75.0000	337	36	0.00	0.00	47.82	7.09	47.82	6.80	0.00	0.00	0.00	0.00	0.00	0.00	0.00	0.00
M77/3_038-1	2009-01-15T13:01	-16.0000	-74.2450	65	38	1.13	0.06	687.37	62.98	91.88	8.91	37.56	2.20	0.00	0.00	0.00	0.00	2.21	0.22
M77/3_038-1	2009-01-15T13:01	-16.0000	-74.2450	175	38	8.02	1.70	125.42	28.06	109.47	7.94	38.98	2.87	0.00	0.00	0.00	0.00	0.00	0.00
M77/3_038-1	2009-01-15T13:01	-16.0000	-74.2450	255	38	1.85	0.24	203.13	39.73	85.07	7.02	78.40	6.33	0.00	0.00	0.00	0.00	0.00	0.00
M77/3_044-3	2009-01-16T22:05	-17.3452	-71.9403	75	44	19.21	4.49					6.14	1.47	0.00	0.00	0.00	0.00	0.00	0.00
M77/3_044-3	2009-01-16T22:05	-17.3452	-71.9403	87	44	21.06	2.36	140.30	14.92	166.23	15.29	21.20	3.28	0.00	0.00	0.00	0.00	0.00	0.00
M77/3_044-3	2009-01-16T22:05	-17.3452	-71.9403	125	44	0.82	0.14	22.73	0.62	125.73	7.51	14.26	2.18	0.00	0.00	0.00	0.00	0.00	0.00
M77/3_044-3	2009-01-16T22:05	-17.3452	-71.9403	150	44	0.00	0.00	17.96	1.73	86.55	17.22	8.99	0.95	0.00	0.00	0.00	0.00	0.00	0.00
M77/3_044-3	2009-01-16T22:05	-17.3452	-71.9403	200	44	0.00	0.00	11.95	0.45	19.44	4.64	23.35	1.50	0.00	0.00	0.00	0.00	0.00	0.00
M77/3_044-3	2009-01-16T22:05	-17.3452	-71.9403	280	44	0.00	0.00	20.63	4.23	145.16	32.36	7.93	0.75	0.00	0.00	0.00	0.00	0.00	0.00
M77/3_054-2	2009-01-19T21:18	-13.7517	-77.0342	41	54	47.27	2.34	110.21	15.20	72.03	3.06	9.73	4.02	0.00	0.00	0.00	0.00	0.00	0.00
M77/3_054-2	2009-01-19T21:18	-13.7517	-77.0342	75	54	5.01	0.41	59.48	13.64	71.00	0.59	6.88	0.95	0.00	0.00	0.00	0.00	0.00	0.00
M77/3_054-2	2009-01-19T21:18	-13.7517	-77.0342	100	54	0.00	0.00	46.25	1.76	71.16	8.00	3.59	1.32	0.00	0.00	0.00	0.00	0.00	0.00
M77/3_054-2	2009-01-19T21:18	-13.7517	-77.0342	200	54	0.00	0.00	0.00	0.00	0.00	0.00	46.80	8.23	0.00	0.00	0.00	0.00	0.00	0.00
M77/3_054-2	2009-01-19T21:18	-13.7517	-77.0342	300	54	0.00	0.00	0.00	0.00	0.00	0.00	6.60	0.21	0.00	0.00	0.00	0.00	0.00	0.00
M77/3_054-2	2009-01-19T21:18	-13.7517	-77.0342	376	54	0.00	0.00	23.70	5.05	77.39	1.58	2.23	0.10	0.00	0.00	0.00	0.00	0.00	0.00
M77/3_062-1	2009-01-21T17:04	-13.3500	-76.7482	40	62	0.22	0.06	399.38	8.87	108.24	16.30	32.51	1.77	1.18	0.40	0.00	0.40	0.00	0.00
M77/3_062-1	2009-01-21T17:04	-13.3500	-76.7482	50	62	15.14	2.23	442.52	6.48	82.96	1.56	52.39	1.54	1.74	0.43	0.00	0.43	0.00	0.00
M77/3_062-1	2009-01-21T17:04	-13.3500	-76.7482	70	62	4.64	0.11	166.20	15.09	89.04	14.74	78.33	4.26	0.00	0.00	0.00	0.00	0.00	0.00
M77/3_062-1	2009-01-21T17:04	-13.3500	-76.7482	100	62	2.02	0.25	166.27	8.70	81.11	8.06	39.39	1.78	1.00	0.21	0.00	0.21	0.00	0.00
M77/3_062-1	2009-01-21T17:04	-13.3500	-76.7482	130	62	1.66	0.19	97.49	7.28	215.53	6.31	55.44	10.16	1.70	0.50	0.00	0.50	0.00	0.00
M77/3_062-1	2009-01-21T17:04	-13.3500	-76.7482	160	62	0.00	0.00	65.40	12.29	117.20	7.92	107.75	11.11	0.00	0.00	0.00	0.00	0.00	0.00
M77/3_065-1	2009-01-22T01:43	-13.3498	-76.5000	15	65							59.48	1.85	0.00	0.00	0.00	0.00	0.00	0.00
M77/3_065-1	2009-01-22T01:43	-13.3498	-76.5000	20	65			117.57	9.04	282.84	21.08	73.96	14.85	1.83	0.33	0.00	0.00	0.00	0.00
M77/3_065-1	2009-01-22T01:43	-13.3498	-76.5000	30	65			0.00	0.00	273.50	61.64	0.00	0.00	402.62	181.63	0.00	0.00	0.00	0.00
M77/3_065-1	2009-01-22T01:43	-13.3498	-76.5000	80	65			0.00	0.00	3505.52	87.00	13.70	2.07	1029.20	231.43	1017.28	317.13	0.00	0.00
